# 5 2 3
-1.5072220540781145e+00
-3.3408087710861976e+00
-1.9612551380203034e+00
-5.5913056558298513e-01
5.3815453233597255e-01
-1.6500875377344624e+00
-1.3018851743645916e+00
-3.5658573481217410e+00
-1.6250282717812112e+00
1.1551501443670575e-01
4.0797272754141278e-01
-1.4110606747230667e+00
-1.5319325544938471e+00
-4.0285781567773098e+00
-1.2142581305455307e+00
7.1744397886504330e-02
1.5598371253364124e-01
-1.1525267234328975e+00
-1.3154313845951124e+00
-3.9502387717575447e+00
-1.2258925513129881e+00
6.1112115188635729e-01
-4.9957990128596375e-01
-1.2610228745552690e+00
-1.6511511371157739e+00
-3.9110104438390532e+00
-1.9228934304232921e+00
-5.7738150557664958e-02
-1.0431674392245749e-01
-1.4601547576886440e+00
